min : 0.025721992
max : 0.048875012
avg : 27.64057