min : 0.001506805419921875
max : 0.2139580249786377
avg : 65.69191