min : 0.04152417182922363
max : 1.0215904712677002
avg : 163.185