min : 0.05253720283508301
max : 0.10320639610290527
avg : 54.13406