min : 50.708740234375
max : 51.4951171875
avg : 51.18196